Name,cluster
Лампа комактна люмінісцентна 2G7 11W/840 DULUX S/Е Osram 4050300020181,1
Клемна колодка в корпусі Аско ТВ 1504 A0130050002,1
Лампа TV Osram Е14 25W T-25 синя,0
Лампа для холодильника РП Іскра Е14 230B 15W S25 прозора,0
Лампа для духовки Osram SPC.T OVEN CL 15W 230V E14 прозора,0
"Лампа LED E14 Lezard 30000h свіча 7,0W/2700 B35 N427-B35-1407",0
"Лампа LED E27 Feron 50000h шар 6,0W/2700 G45 LB-745 5028",0
Перемикач DIN I-0-II 2-полюсний ETI SSQ 240 40А 002421425,1
Коробка для 3-фазного електронного лічильника IP54 КДЕ-У (8 модулiв),1
Вимикач ножний E.Next e.fs.01 пластиковий p0810151,1
"F конектор для кабелю RG-6, накрутний FF-1 D=6.6мм",1
"Диференційне реле 4-полюсне Hager CD464J AC-63/0,03А",-1
Вилка 3п з ричагом Legrand 16А 50175 біла,1
Реле напруги 1-фазне в розетку ZUBR R116y 16А,1
Перемикач DIN I-0-II 2-полюсний ETI SSQ 240 40А 002421425,1
Вилка із заземлюючим контактом Legrand 50196 чорна,1
Вилка кабельна 400V IP44 Sez 5 полюсів 32А IVN3253,0
Контактор безшумний 230V Hager ESC225S 25A 2но,0
Кріплення для труб APRO 25мм / уп.50 шт,-1
Вилка 380V каучукова IP44 Lezard 3P+N 32А 332-0100-0201 чорна,0
Розетка 380V каучукова IP44 Lezard 3P+N 32А 332-0100-0203 чорна,0
Перемикач I-0-II 230V 1-полюсний Hager SFT140 40А вихід зверху,-1
Перемикач I-0-II 230V 1-полюсний Hager SFB125 25А вихід знизу,-1
Перемикач I-0-II 230V 2-полюсний Hager SFB216 16А вихід знизу (Перемикач вводу резерву),-1
Перемикач I-0-II 230V 2-полюсний Hager SFB216 16А вихід знизу (Перемикач вводу резерву),-1
Перемикач клавішний KCD1-5-101N GR/B круглий з підсвіткою зелений АСКО-УКРЕМ A0140040072,1
Перемикач DIN I-0-II 2-полюсний E.Next e.is3.pro.2.40 40А p008024,1
Контактор 220V/АС3 ІЕК КМИ-11210 12А 1нв KKM11-012-230-10,0
"Шина з'єднувальна E.Next e.bc.u.stand.2.63 вилочного U-типу 2р, 63А  s180002",1
Мікровимикач Аско Z-15GQ22-B A0050040001,1
Корпус щита розподільний зовнішній IP40 ETI DIDO-E ECT 12PO 1101006 біла дверка,1
Контактор DIN AC УЕК КМ20-20М MKK11-20-20,-1
Роз’єм модульний до РЭК78/3 УЕК РРМ78/3 RRP20D-RRM-3,1
"Диференційне реле 2-полюсне Hager CD263J A-63/0,03А",-1
Контактор 230V Hager ESC464 63A 4нз,0
Перемикач I-0-II 230V 2-полюсний Hager SFB216 16А вихід знизу (Перемикач вводу резерву),-1
Тримач клем QuickConnect Hager VZ707N до щитів Golf VF/VS 12 модулів,-1
Перемикач I-0-II 230V 2-полюсний Hager SFB216 16А вихід знизу (Перемикач вводу резерву),-1
Реле проміжне 230V AC 10А E.Next e.control.p1036 i.ly3.230ac,0
Роз’єм модульний до реле ly3 10А E.Next e.control.p103s i.ptf.11a,-1
Роз’єм модульний до реле ly4 10А E.Next e.control.p104s i.ptf.14a,-1
Реле проміжне 230V AC 10А E.Next e.control.p1046 i.ly4.230ac,0
Лампа розжарювання МО Е27 40W/ 12V,0
Перемикач DIN I-0-II 4-полюсний E.Next e.is3.pro.4.40 40А p008025,1
Перемикач DIN I-0-II 2-полюсний ETI SSQ 240 40А 002421425,1
Розетка із заземлюючим контактом SHUKO на DIN-рейку Schneider A9A15310 16A 250V,0
Індикатор модульний LED Hager SVN121 зелений,0
Корпус зовнішній димчасті дверки Golf IP40/II Hager VS108TD 8 модулів ніша 184*210*99,-1
Тримач з клемами 16*N+14*PE/4*N+4*PE Hager VZ462 до щитів Volta,1
Лампа для холодильника РП Іскра Е14 230B 15W S25 прозора,0
Реле часу аналогове DIN AC/DC 12-240 ETI CRM-2H UNI 1 модульне 2470003,0
Розетка із заземлюючим контактом DIN E.Next s004002 e.socket.pro.din.tms 230V,0
Перемикач DIN I-0-II 2-полюсний E.Next e.is3.pro.2.40 40А p008024,1
Кнопка поворотна XB2-BJ33 3-х позиційна подовжена ручка АСКО-УКРЕМ A0140010007,1
"Індикатор-викрутка E.Next e.tool.test02 140х3,5 прямий шліц АС100-500В t001102",1
"Корпус E.Next e.mbox.stand.w.f3.36.z.e металевий, під 3-ф. електронний лічильник, 36 мод., що вбудовується, з замком",1
Корпус щита пластиковий IP20 з кришкою 1-2 модулі,1
Корпус щита пластиковий Білмакс IP20 без кришки 3-4 модулі,1
Шина DIN оцинкована УЕК L-10 см YDN10-00100-U,1
"Наклейка трикутна 85*85*85мм УЕК ""блискавка"" YPC30-MOLNI-3-096",0
"Наклейка трикутна 100*100*100мм УЕК ""Блискавка"" YPC30-MOLNI-4-096",0
"Наклейка 40*20мм УЕК ""220В"" YPC10-0220V-1-100",0
Колодка клемна з кришкою E.Next e.tc.protect.15.12 p056005 15А 12 полюсів,1
Коробка розподільна IP55 Spelsberg 332-912 I12-L 85*85*37 сіра 33291201,1
Клемна колодка в корпусі Аско ТВ 1505 A0130050003,1
Клемна колодка в корпусі Аско ТВ 1504 A0130050002,1
Патрон люстровий з гайкою E.Next Е27 s9100007 пластиковий чорний,1
Патрон люстровий з гайкою E.Next e.lamp socket with nut.E27.pl.white Е27 s9100016 білий,-1
Викрутка-пробник електронна УЕК ОП-2е TPR20,-1
Перемикач DIN I-0-II 2-полюсний ETI SSQ 240 40А 002421425,1
"OLFLEX HEAT 180 SiF провід силіконовий термостійкий 4,0",-1
Реле часу багатофункціональне AC230 (таблетка) ETI SMR-T 2470004 (в монтажну коробку),0
Лампа компактна Osram G23 11W/840 DULUX S,0
Корпус зовнішній без дверок Volta IP30/II Hager VA48CN (VA48B) 48(56) модулів,1
Таймер DIN добовий Hager інтервал 15 хвилин 16А 1 модульний EH010 (1нв) кварцевий генератор,1
Блок PE-клем Hager KN26E,-1
Блок N-клем Hager KN26N,-1
Лампа ртутно-вольфрамова Delux Е40 250W GYZ 10007874,0
Лічильник 3 фазний 5- 60А електронний активної енергії NIK-2301 AP2.0000.0.11 (АП2),1
Корпус зовнішній прозора дверка Vector IP65/II Hager VE212DN 24 модулів 310*427*151,1
Вимикач автоматичний 1-полюсний RESI9 Schneider 6kA R9F12120 C 20А,1
Тримач клем QuickConnect Hager VZ708N до щитів Golf VF/VS 18/22 модулі,-1
Тримач клем QuickConnect Hager VZ707N до щитів Golf VF/VS 12 модулів,-1
Роз’єм модульний до реле ly4 10А E.Next e.control.p104s i.ptf.14a,-1
Лампа розжарювання МО Е27 40W/ 12V,0
Накладка резинова для конектора 8р8с RJ45,1
Конектор 8р8с 5 категорії RJ45,1
Вита пара c.5е кабель імпортний UTP (CCA) 4PR 24AWG,0
Корпус щита пластиковий IP20 з кришкою 1-2 модулі,1
Перемикач клавішний KCD2-201N GR/B з підсвіткою зелений АСКО-УКРЕМ A0140040102,1
Патрон люстровий з гайкою E.Next e.lamp socket with nut.E27.pl.white Е27 s9100016 білий,-1
Коробка розподільна IP55 Schneider IMT35090 70*70*40,1
Корпус щита пластиковий зовнішній IP65 ETI ECH 12PT 1101062 прозора горизонтальна дверка,1
Розетка 380V настінна IP44 УЕК 4 полюси 16А ССИ-114 PSR12-016-4-U,0
Корпус щита пластиковий зовнішній IP65 ETI ECH 12PT 1101062 прозора горизонтальна дверка,1
Перемикач клавішний KCD1-2-101N R/B з підсвіткою червоний АСКО-УКРЕМ A0140040053,1
Перемикач клавішний KCD2-2101N R/B з підсвіткою червоний АСКО-УКРЕМ A0140040109,1
Перемикач клавішний KCD3-101N R/B з підсвіткою червоний АСКО-УКРЕМ A0140040027,1
Перемикач клавішний KCD2-3101N R/B з підсвіткою червоний АСКО-УКРЕМ A0140040120,1
Контактор 230V Hager ESC125 25A 1нв,0
"Вимикач автоматичний 1-полюсний E.Next 4,5кА s002008 16A e.mcb.stand.45.1.C16",1
Колодка клемна полістирольна подільна УЕК 12*16 ЗВИ-30А негорюча біла UZV2-030-10,1
Реле проміжне 230V AC 5А E.Next e.control.p536 i.my3.230ac,0
Корпус щита пластиковий IP20 K-7,1
"Вимикач автоматичний 2-полюсний УЕК 4,5кА ВА 47- 29М C 20А MVA21-2-020-C",1
Вимикач автоматичний 2-полюсний Hager 6kA MC240A C 40A,-1
"Спіральна обв'язка E.Next e.spiral.stand.6.black, 4-50 мм, 10м, чорна  s2038011",-1
Індикатор модульний LED УЕК ЛС-47М жовтий MLS20-230-K05,0
Розетка модульна 16А Hager SN016,1
Кріплення для труб 20мм/пакунок 100шт,-1
Корпус пластиковий зовнішній IP41 УЕК білий ЩРН-П-12 MKP12-N-12-40-10,1
Розетка із заземлюючим контактом SHUKO на DIN-рейку Schneider A9A15310 16A 250V,0
Патрон люстровий з гайкою E.Next e.lamp socket with nut.E27.pl.white Е27 s9100016 білий,-1
Клемна колодка в корпусі Аско ТВ 4504 A0130050018,1
"Лампа галогенова капсульна 12V Philips GY6,35 20W 13104 Caps.line(uv)",0
Лічильник трифазний E.Next e.control.w05 10(100)А електронний клас 1.0 (некомер) i0310032,1
"Клема з’єднувальна з пастою Wago 2273-248 8*0,5-2,5 кв.мм прозора/біла (для монолітних проводів)",1
"Клема з’єднувальна з пастою Wago 2273-242 2*0,5-2,5 кв.мм прозора/біла (для монолітних проводів)",1
Перемикач I-0-II 230V 1-полюсний Hager SFB116 16А вихід знизу,-1
"Шина ""N"" DIN-iзольована E.Next p0650013 e.bsi.pro.2.10 (10 відгалужень)",1
Шина DIN оцинкована УЕК L- 60 см YDN10-0060,1
"Корпус E.Next e.mbox.stand.n.06.z металевий, під 6 мод., навісний, з замком  s0100019",1
"Датчик руху 1100W(600VA) 12м IP44 УЕК ДД 012 чорний 180"" LDD10-012-1100-002",1
Кріплення для труб 16мм/пакунок 100шт,-1
Трубка ПВХ гофрована з протяжкою 320N Kopos D 16/1416E D K50D сiра,1
Корпус щита пластиковий IP20 з кришкою 1-2 модулі,1
Перемикач клавішний KCD1-2-101N R/B з підсвіткою червоний АСКО-УКРЕМ A0140040053,1
Перемикач клавішний KCD1-101 Grey/Grey сірий АСКО-УКРЕМ A0140040051,1
Вимикач автоматичний 1-полюсний Hager 6kA MC116A C 16A,-1
Розетка із заземлюючим контактом SHUKO на DIN-рейку Schneider A9A15310 16A 250V,0
Контактор 230V Hager ESC425 25A 4нв,0
Лічильник 1 фазний 5- 60А електронний активної енергії НІК 2102-02 1кл. 220В M1,1
Пост Аварійний стоп Аско IP65 XAL-J174 A0140020010,1
Реле сутінкове Euroelectric 10A IP44 ST-312 біле,0
Вимикач автоматичний 2-полюсний Hager 6kA MC263A C 63A,-1
Вилка 220V кабельна IP44 УЕК 3 полюси 16А ССИ-013 PSR01-016-3-U,0
Блок PE-клем Hager KN18E,-1
Корпус зовнішній димчасті дверки Golf IP40/II Hager VS312TD 3*12 модулів ніша 500*282*99,-1
"Затискач проколюючий вітчизняний ЗПАм (магiстраль 10-95 / вiдгалудження 1,5-10)",-1
"Лампа галогенова капсульна 12V Osram GY6,35 20W 64427S Halostar Starlit",0
Контактор 230V Hager ESC464 63A 4нз,0
Перемикач I-0-II 230V 2-полюсний Hager SFB216 16А вихід знизу (Перемикач вводу резерву),-1
"Реле тимчасового ввімкнення (0,3-30 сек) при подачі напруги E.Next e.control.t16 i0310028",1
Вимикач кнопочний 230V Hager SVN413 16А 1нв зелений індикатор,0
"Диференційний автомат 2-полюсний 6kA Hager AC966J C A-16/0,01А",1
Тримач запобіжника 1-полюсний ETI PLNV-00/1A M8-M8 1701021,1
Запобіжник 120kA 500V gl/gG ETI NH1 Kombi 250А 4184219,0
Датчик руху інфрачервоний Е27 IP20 E.Next e.sensor.pir.451.e27.white s061020 білий,-1
Індикатор модульний LED Hager SVN121 зелений,0
Корпус пластиковий зовнішній IP65 УЕК ЩМПп 300*200*130 УХЛ1 MKP93-N-302013-65-U,1
Контакт стану 220V 6А DIN УЕК КС-47(OF) MVA00D-KS-1,0
"ШВВП провід вітчизняний 2*0,5",-1
Домовент вентилятор без решітки 100 ВКО,1
"Диференційний автомат 2-полюсний 6кА Hager AD990J C A-40/0,03А",1
"Диференційний автомат 2-полюсний 6кА Hager AD982J C A-32/0,03А",1
"Диференційний автомат 2-полюсний 6кА Hager AD960J C A-10/0,03А",1
Бокс зовнішній Білмакс IP31 БМ- 40С 250*400*140,1
Лампа для холодильника РП Іскра Е14 230B 15W S25 прозора,0
Лампа для духовки Osram SPC.T OVEN CL 15W 230V E14 прозора,0
Індикатор модульний LED УЕК ЛС-47М жовтий MLS20-230-K05,0
Шина Hager з’єднувальна вилочна 2-полюсний 57 модулів 10 мм.кв. FORK KDN263B,-1
Тримач з клемами 11*N+11*PE/3*N+3*PE Hager VZ461 до щитів Volta,1
Блок фазних клем Hager KN22P,-1
Блок фазних клем Hager KN18P,-1
"Вимикач автоматичнийдля захисту двигуна 3-полюсний ETI MS25-10 (6,3-10) 4600100",1
"Корпус E.Next e.mbox.stand.n.48.z металевий, під 48 мод., навісний, з замком  s0100124",1
Реле проміжне 12V DC 10A УЕК РЭК77/3 RRP10-3-10-012D-U,0
Перемикач I-0-II 230V 2-полюсний Hager SFB216 16А вихід знизу (Перемикач вводу резерву),-1
"Вимикач автоматичний 1-полюсний E.Next 4,5кА s002008 16A e.mcb.stand.45.1.C16",1
Перемикач I-0-II 230V 1-полюсний Hager SFB116 16А вихід знизу,-1
Лічильник 3 фазний 5-120А електронний активної енергії NIK-2301 AP3.0000.0.11 (АП3),1
Вимикач-роз‘єднувач 3-полюсний Коренево ВР32-31 100А/1 В31250-32 УХЛЗ,1
Запобіжник 400V ETI CH 8*32 gG 10А 2610007,0
"Сигнальний кабель 6х0.22 біметал, неекранований Alarm Cable",-1
Конектор 8р8с 5 категорії екранований RJ45,1
Реле проміжне 230V AC 10А E.Next e.control.p1046 i.ly4.230ac,0
Вимикач автоматичний 1-полюсний Hager 6kA MB116A B 16A,1
"Корпус E.Next e.mbox.stand.n.f1.12.z.e металевий, під 1-ф. електронний лічильник, 12 мод., навісний, з замком",1
Наконечник УЕК мідний луджений 10/ 6 JG-10 UNP40-010-06-06,1
"Вимикач автоматичний 2-п С 63А 4,5кА EASY9 230В Schneider EZ9F34263",1
Гільза УЕК алюмінієва 25 GL-25 UGL10-025-07-U,1
Наконечник УЕК мідний луджений 25/ 8 JG-25 UNP40-025-07-08,1
Наконечник УЕК мідний луджений 16/ 8 JG-16 UNP40-016-06-08,1
Блок PE-клем Hager KN22E,-1
Блок N-клем Hager KN22N,-1
Лампа люмінесцентна Philips G5 6W/33 TL,0
Лампа компактна Osram G23 9W/840 DULUX S,0
"Сутінкове реле E.Next e.sensor.light-conrol.302.white(білий), 10А, IP44 s061007",-1
"OLFLEX HEAT 180 SiF провід силіконовий термостійкий 0,75",-1
Блок фазних клем Hager KN14P,-1
Вимикач автоматичний 3-полюсний Hager 6kA MC310A C 10A,-1
Індикатор модульний LED Hager SVN127 3 червоних,0
"УЕК інструмент обжимний KO-01 (1,5-6,0) TKL10-D15-006",1
Патрон люстровий з гайкою E.Next Е14 s9100006 білий,1
Коробка розподільна для гіпсокартона IP20 Schneider IMT35160 80*45,1
Вимикач автоматичний 1-полюсний Hager 6kA MB110A B 10A,1
Вимикач автоматичний 2-полюсний Hager 6kA MB216A B 16A,1
"АВВГ кабель вітчизняний 4* 2,5",-1
Контактор 230V Hager ESC225 25A 2нв,0
"Клема з’єднувальна з нажимним важелем Wago 222-413 для 3 гнучких проводів 0,08-4 кв.мм сіра",1
"Клема з’єднувальна з нажимним важелем Wago 222-413 для 3 гнучких проводів 0,08-4 кв.мм сіра",1
"Лампа галогенова капсульна 12V Philips GY6,35 20W 13104 Caps.line(uv)",0
Прожектор LED УЕК IP65 4000Lm 50W/6500K СДО06-50 LPDO601-50-40-K02-U,0
Блок відгалужувальний Hager KJ02D,-1
Лампа люмінесцентна Philips G5 6W/54 TL,0
Лампа люмінесцентна Philips G13 18W/33 TLD Standart,0
"Клема з’єднувальна з нажимним важелем Wago 222-413 для 3 гнучких проводів 0,08-4 кв.мм сіра",1
Корпус накладний прозора дверка Cosmos IP40/II Hager VD118TD 18 модулів 200*292.5*91mm,1
Роз’єм модульний до реле ly4 10А E.Next e.control.p104s i.ptf.14a,-1
Реле проміжне 12V DC 10А E.Next e.control.p1041 i.ly4.12dc,0
Зажим клемний DIN-рейку УЕК ЗНИ- 6 50А сiрий YZN10-006-K03,1
Зажим клемний DIN-рейку УЕК ЗНИ- 6 50А синій YZN10-006-K07,1
"Шина ""N"" DIN-iзольована E.Next p0650011 e.bsi.pro.2.6 (6 відгалужень)",1
Заглушка УЕК 12 модулів біла YZM10-12-K01,1
"Шина ""N"" DIN в корпусі E.Next p0650001 2* 7 груп e.cbs.pro.2.7",1
Шина Hager з’єднувальна штирьова 1-полюсна 12 модулів 10 мм2 PIN KB163A сіра,1
Шина Hager з’єднувальна вилочна 2-полюсна 12 модулів 10 мм2 FORK KDN263A,-1
Шина Hager з’єднувальна вилочна 1-полюсна 12 модульна 10 мм.кв. FORK KDN163A,-1
Вимикач автоматичний 1-полюсний Hager 6kA MB132A B 32A,1
Вимикач автоматичний 1-полюсний Hager 6kA MC140A C 40A,-1
"Диференційне реле 2-полюсне Hager CD263J A-63/0,03А",-1
ПВ-3 провід перетином 2.5,-1
"ПВС кабель вітчизняний 3* 2,5 чорний",-1
Коробка розподільна IP55 Spelsberg 332-912 I12-L 85*85*37 сіра 33291201,1
"Клема з’єднувальна з нажимним важелем Wago 222-413 для 3 гнучких проводів 0,08-4 кв.мм сіра",1
Патрон люстровий з гайкою E.Next e.lamp socket with nut.E27.pl.white Е27 s9100016 білий,-1
"Трубка термоусаджувальна 4,0/2,0",-1
"АВВГ кабель вітчизняний 2* 2,5",-1
Затискач анкерний натяжний 2*(16-25) вітчизняний ЗА 1.1,-1
Патрон підвісний керамічний E.Next Е27 s9100014,1
"Трубка термоусаджувальна 5,0/2,5",-1
"Трубка термоусаджувальна 3,0/1,5",-1
"OLFLEX HEAT 180 SiF провід силіконовий термостійкий 1,0",-1
Лампа компактна Osram G23 9W/840 DULUX S,0
"Інструмент E.Next e.tool.crimp.hs.313 для обтиску, різки, зачистки проводів t002016",1
Лічильник однофазний E.Next e.control.w04m 5(45)А електронний клас 1.0 (некомерційний облік) i0310031m,1
"РЖ кабель FinMark F6TSVcu RG-6 1,0 trishield (екран 64*0,16мм)",-1
"Вимикач автоматичний 3-полюсний E.Next 4,5кА e.mcb.stand.45.3.C.63 s002037",1
Реле проміжне 230V AC 10А E.Next e.control.p1046 i.ly4.230ac,0
Лампа компактна Osram G23 9W/840 DULUX S,0
Викрутка-пробник електронна УЕК ОП-2е TPR20,-1
Викрутка-пробник УЕК ОП-1 TPR10,-1
Коробка розподільна IP55 Spelsberg 310-908 Mini25-L 89*43*37 сіра (31090801),1
Корпус пластиковий зовнішній з кришкою прозора IP30 УЕК КМПн 2/ 6 MKP42-N-06-30-09,1
"Вимикач автоматичний 1-полюсний УЕК 4,5кА ВА47-29 C 10А MVA20-1-010-C-U",1
Реле часу багатофункціональне E.Next e.control.t06m p0690012,1
Перемикач клавішний KCD5-2-101 B/B круглий мініатюрний чорний АСКО-УКРЕМ A0140040132,1
Реле проміжне 230V AC 10А E.Next e.control.p1036 i.ly3.230ac,0
Роз’єм модульний до реле ly3 10А E.Next e.control.p103s i.ptf.11a,-1
"Щит 0,25кВт IP30 УЕК ЯТП 0,25 220/12-2 MTT12-012-0250",1
Світильник вбудований круглий LED D119 1710lm Lezard 119-CCEL-4218 18W/4200K,0
"Спіральна обв'язка E.Next e.spiral.stand.6.black, 4-50 мм, 10м, чорна  s2038011",-1
"ШВВП провід вітчизняний 2*1,5",-1
Лампа LED E27 Lezard 220V A60 11W/4200 442-A60-2711,0
Корпус щита пластиковий Білмакс IP20 без кришки 3-4 модулі,1
"Пластикова рамка E.Next  e.f.es.rxj.01, для намотування кабелю s042201",1
"Клема з’єднувальна з пастою Wago 273-503 для 3 проводів 1,5-4 кв.мм сіра (для монолітних проводів)",1
"Шина ""N"" DIN в корпусі E.Next p0650004 4* 7 груп e.cbs.pro.4.7",1
"Вимикач автоматичний 3-полюсний УЕК 4,5кА ВА47-29 C 16А MVA20-3-016-C-U",1
Коробка для 1(3)-фазного лічильника NIK IP54 DOT.3-1 (випуклий),1
Коробка для 1(3)-фазного лічильника NIK IP54 DOT.3-1 (випуклий),1
Коробка для 1(3)-фазного лічильника NIK IP54 DOT.3-1 (випуклий),1
Лампа галогенова 12V Feron G4 10W JC 442,0
Кабельний ввід латунний E.Next e.met.pg.stand.7 s051007,-1
Роз’єм модульний до реле ly4 10А E.Next e.control.p104s i.ptf.14a,-1
"Реле проміжне E.Next e.control.p1046L з Led індикацією 10А, 4 групи контактів, котушка 230В АC i.ly4n.230ac",0
Корпус пластиковий зовнішній IP65 УЕК ЩМПп 300*200*130 УХЛ1 MKP93-N-302013-65-U,1
Лічильник 3 фазний 5-120А електронний активної енергії NIK-2301 AP3.0000.0.11 (АП3),1
Контакт для кнопок Аско ZB2-BE101 NO A0140010025,1
"Шина з'єднувальна E.Next e.bc.stand.3.12.63, 3п., 63 А, 12 модулів  s017008",1
Патрон підвісний керамічний E.Next Е27 s9100014,1
Контактор 230V Hager безшумний ESC463S 63A 4нв,0
Лампа комактна люмінісцентна 2G7 11W/840 DULUX S/Е Osram 4050300020181,1
Роз’єм модульний до РЭК78/3 УЕК РРМ78/3 RRP20D-RRM-3,1
Реле проміжне 230V AC 3А УЕК РЕК78/4 RRP20-4-03-220A,0
"Диференційне реле 2-полюсне Hager CF263J A-63/0,3А",-1
"Клема з’єднувальна з нажимним важелем Wago 221-415 для 5 гнучких проводів 0,14-4 кв.мм прозора",1
Наконечник УЕК мідний луджений 10/ 6 JG-10 UNP40-010-06-06,1
Наконечник УЕК мідний луджений 16/ 8 JG-16 UNP40-016-06-08,1
Наконечник УЕК мідний луджений 25/ 8 JG-25 UNP40-025-07-08,1
"ВВГнгд кабель вітчизняний 2* 1,5",-1
"Лампа LED 230V MR16 Lezard GU5,3 5,0W/4200 442-MR16-05",0
"Клема з’єднувальна з нажимним важелем Wago 221-412 для 2 гнучких проводів 0,14-4 кв.мм прозора",1
"Клема з’єднувальна з важелем Wago 221-413 для 3 гнучких проводів 0,14-4 кв.мм прозора",1
Наконечник УЕК мідний луджений 35/ 8 JG-35 UNP40-035-08-08,1
Гільза мідна луджена 10,1
Гільза мідна луджена 25,1
Гільза мідна луджена 6,1
Диференційний автомат 1-модульний 1-полюсний+N RESI9 Schneider 6kA AC R9D87616 16A/30mА,1
"Вимикач автоматичний 2-полюсний УЕК 4,5кА ВА 47- 29 C 63А MVA20-2-063-C",1
"Вимикач автоматичний 1-полюсний УЕК 4,5кА ВА47-29 C 63А MVA20-1-063-C-U",1
Реле імпульсне 230V DIN Hager EPN515 (1 нормально відкритий контакт + 1 нормально закритий контакт) 3500W,0
Контактор 230V Hager ESC227 25A 1нв+1нз,0
Клемник ввідно-розгалуджувальний 1 полюсний (35кв.мм) Hager K64 до щитів Univers 100А на полюс,1
Контактор 230V Hager ESC226 25A 2нз,0
Детектор скритої проводки E.Next e.tool.multitest.03 p0470022,1
Розетка 380V каучукова настінна IP44 Lezard 3P+N 32А 332-0100-0202 чорна,0
"OLFLEX HEAT 180 SiF провід силіконовий термостійкий 0,5",-1
Лампа свіча Іскра Е14 40W B36 прозора,0
Роз’єм модульний до реле ly4 10А E.Next e.control.p104s i.ptf.14a,-1
Роз’єм модульний до реле ly4 10А E.Next e.control.p104s i.ptf.14a,-1
Роз’єм модульний до реле ly4 10А E.Next e.control.p104s i.ptf.14a,-1
Лампа комактна люмінісцентна 2G7 11W/840 DULUX S/Е Osram 4050300020181,1
Вилка 2п Legrand 16А 50183 біла,1
"Вимикач автоматичний 1-полюсний E.Next 4,5кА s002012 40A e.mcb.stand.45.1.C40",1
Контактор 230V Hager ESC227 25A 1нв+1нз,0
Корпус пластиковий зовнішній з кришкою прозора IP31 УЕК КМПн 2/ 9-2 MKP42-N-09-31-02,1
Вимикач автоматичний 1-полюсний Hager 6kA MC110A C 10A,-1
Корпус пластиковий зовнішній без кришки IP20 УЕК КМПн 1/2 MKP31-N-02-30-252,1
"Затискач проколюючий вітчизняний ЗПАм (магiстраль 10-95 / вiдгалудження 1,5-10)",-1
Патрон пластиковий підвісний E.Next e.lamp socket pendant.E27.pl.white Е27 з кабелем 15см та клемною колодкою білий,-1
Адаптер Legrand 50385 американський стандарт,1
Імпульсно-запалювальний пристрій E.Next e.ignitor.3.wire.70.400 (ИЗУ)  l0410001,1
Світильник вбудований круглий LED D100 855lm Lezard 100-CCEL-4209 9W/4200K білий,0
Світильник вбудований круглий LED D100 855lm Lezard 100-CCEL-4209 9W/4200K білий,0
Лампа свіча Іскра Е14 230В 60W В36 прозора,0
Лампа розжарювання 75W E27 230V A55 Iskra прозора в манжеті,0
Лампа розжарювання 75W E27 230V A55 Iskra прозора в манжеті,0
Корпус щита пластиковий зовнішній IP65 ETI ECH 4G 1101060 прозора вертикальна дверка,1
Контактор 230V Hager ESC227 25A 1нв+1нз,0
Колодка із заземлюючим контактом та вимикачем Lezard Letitia 4 гнізда 721-0400-402,1
Патрон люстровий з гайкою E.Next e.lamp socket with nut.E27.pl.white Е27 s9100016 білий,-1
Конектор 8р8с 5 категорії RJ45,1
Накладка резинова для конектора 8р8с RJ45,1
"Датчик руху інфрачервоний стельовий, що вбудовується E.Next e.sensor.pir.42.white(білий), 360°, IP20  s061011",-1
Роз’єм модульний до реле ly4 10А E.Next e.control.p104s i.ptf.14a,-1
Реле проміжне 230V AC 10А E.Next e.control.p1046 i.ly4.230ac,0
"Реле тимчасового ввімкнення (0,3-30 сек) при подачі напруги E.Next e.control.t16 i0310028",1
Контактор 230V Hager ESC225 25A 2нв,0
Перемикач I-0-II 230V 2-полюсний Hager SFT225 25А вихід зверху,-1
Перемикач I-0-II 230V 2-полюсний Hager SFT240 40А вихід зверху,-1
"Термостат з датчиком підлоги+повітря Terneo pro білий 16А+5,+60",1
Індикатор модульний LED Hager SVN123 жовтий,0
"Патрон керамічний Е27 без кріплення, мідний контакт (Без маркування) E.Next s9100117p",1
Клемна колодка в корпусі Аско ТВ 2503 A0130050007,1
Коробка розподільна IP44 УЕК 85*85*40 КМ41235 UKO11-085-085-040-K41-44,1
"ВВГнг кабель вітчизняний 2* 2,5",-1
Вимикач 2-клавішний ETI IP54/IP44 VHE-2 білий 4668001,1
"Диференційне реле 2-полюсне Hager CF263J A-63/0,3А",-1
Вимикач автоматичний 3-полюсний Hager 6kA MC320A C 20A,-1
Перемикач I-0-II 230V 1-полюсний Hager SFT132 32А вихід зверху,0
Контактор 230V Hager ESC225 25A 2нв,0
Перемикач DIN I-0-II 2-полюсний E.Next e.is3.pro.2.40 40А p008024,1
Лампа розжарювання 75W E27 230V A55 Iskra прозора в манжеті,0
ПРА електронне Feron 1*30W EB51S T8 30W 515,0
Вимикач автоматичний 2-полюсний Hager 6kA MB232A B 32A,1
Таймер електронний E.Next e.control.t08m i0310034,1
Перемикач I-0-II 230V 2-полюсний Hager SFT232 32А вихід зверху,-1
Корпус щита пластиковий зовнішній IP65 ETI ECH 4G 1101060 прозора вертикальна дверка,1
Коробка установочна MB001 D65×45 для суцільних стін Plank PLK5001500,1
"Вимикач автоматичний 1-полюсний УЕК 4,5кА ВА47-29 C 25А MVA20-1-025-C-U",1
"Вимикач автоматичний 1-полюсний УЕК 4,5кА ВА47-29 C 32А MVA20-1-032-C-U",1
Розетка із заземлюючим контактом із захистом Sedna SDN3000121 біла,1
Рамка 5-а Sedna SDN5800921 біла,1
Лічильник 1 фазний багатотарифний 5- 60А електронний A (активної енергії) NIK 2104 AP2T.1000.C.11,1
"Корпус E.Next e.mbox.stand.w.f1.16.z металевий, під 1-ф. лічильник, 16 мод., що вбудовується, з замком s0100008",1
Бокс зовнішній Білмакс IP31 БМ- 40С 250*400*140,1
Кріплення для труб 20мм/пакунок 100шт,-1
"Корпус E.Next e.mbox.stand.n.f1.0.z металевий, під 1-ф. лічильник, порожня, навісний, з замком s0100001",1
Вилка із заземлюючим контактом з вимикачем та підсвіткою Legrand 16А 50409 біла,1
Патрон підвісний керамічний E.Next Е27 s9100014,1
Обмежувач УЕК на DIN-рейку YXD10,1
"Шина ""N"" DIN-iзольована E.Next p0650012 e.bsi.pro.2.8 (8 відгалужень)",1
"Шина ""PEN"" кріплення - край УЕК 6*9мм 8/2 YNN11-08-100",1
Заглушка УЕК 12 модулів біла YZM10-12-K01,1
Кабельний ввід E.Next e.pg.protect.stand.9 з опліткою діаметр провідника 4-8 мм s051002,-1
Реле часу електронне двоканальне E.Next e.control.t09  i0310012,1
Вилка із заземлюючим контактом з вимикачем та підсвіткою Legrand 16А 50409 біла,1
Вилка із заземлюючим контактом Legrand 50196 чорна,1
Розетка із заземлюючим контактом з кришкою ETI IP54 RHE-1s 4668015 біла,1
Світильник E.Next e.light.1303.1.60.27.black 60W  l002005,0
"Лампа LED E27 Lezard 220V A60 9,0W/4200 442-A60-2709",0
Вимикач 2-клавішний ETI IP54/IP44 VHE-2 білий 4668001,1
Викрутка-пробник електронна УЕК ОП-2е TPR20,-1
Роз’єм модульний до реле my3 5А E.Next e.control.p53s i.pif.11a,-1
Лампа розжарювання 75W E27 230V A55 Iskra прозора в манжеті,0
"Перехідник E.Next e.lamp adapter.Е14/GU10.white, з патрону Е14 на GU10, пластиковий s9100040",-1
Контактор DIN 230V ETI AC/DC 3 модульний RD 63-22 2нв+2нз 2464030,0
"Трубка термоусаджувальна 4,0/2,0",-1
"Трубка термоусаджувальна 12,0/6,0",-1
"Трубка термоусаджувальна 3,0/1,5",-1
"Трубка термоусаджувальна 2,0/1,0",-1
"Трубка термоусаджувальна Radpol RC 8,0/2,0",-1
Лампа свіча Іскра Е14 230В 60W В36 прозора,0
Лампа свіча Іскра Е14 40W B36 прозора,0
"Наклейка трикутна 100*100*100мм УЕК ""Блискавка"" YPC30-MOLNI-4-096",0
Вилка кабельна 400V IP44 Sez 5 полюсів 32А IVN3253,0
Розетка кабельна 400V IP44 Sez 5 полюсів 32А ISN3253,0
"Трубка термоусаджувальна 4,0/2,0",-1
"Трубка термоусаджувальна Radpol RC 4,8/2,4",-1
"Трубка термоусаджувальна 3,0/1,5",-1
"Трубка термоусаджувальна Radpol RC 8,0/2,0",-1
Площадка для хомутів Аско СТН-2A A0150090053,1
Перемикач I-0-II 230V 1-полюсний Hager SFT132 32А вихід зверху,0
Розетка 2*RJ45 категорії 5e неекранована UTP Sedna SDN4400121 біла,1
Перемикач I-0-II 230V 1-полюсний Hager SFT125 25А вихід зверху,-1
Роз’єм модульний до реле my4 3А E.Next e.control.p34s i.pif.14a,-1
"Реле проміжне E.Next e.control.p346 3А, 4 групи контактів, котушка 230В АC  i.my4.230ac",-1
ПВС кабель вітчизняний 2* 1,-1
Датчик руху мікрохвильовий ДД-МВ401 500Вт 360град 8м IP20 білий УЕК  LDD11-401MB-500-001,1
Перехідник E.Next e.lamp adapter.GU10/Е14.white з патрону GU10 на Е14 пластиковий s9100043,-1
Блок N-клем Hager KN26N,-1
Тримач клем QuickConnect Hager VZ708N до щитів Golf VF/VS 18/22 модулі,-1
Лампа галогенова 12V Feron G4 10W JC 442,0
Патрон до галогенових ламп G4,1
Корпус накладний прозорі дверки Cosmos IP40/II Hager VD212TD 2*12 модулів 294*326.5*92.5mm,1
"Лазерный проектор Диско Лазер стробоскоп для дома, кафе, бара",1
Лічильник 3 фазний 5- 60А електронний активної енергії NIK-2301 AP2.0000.0.11 (АП2),1
Лічильник 1 фазний 5- 60А електронний активної енергії НІК 2102-02 1кл. 220В M2,1
Патрон до галогенових ламп G4,1
Лічильник 3 фазний б/тар. 5-120А електронний NIK-2303 AP3T.1000.M.11 (АП3Т),1
"Перехідник E.Next e.lamp adapter.Е27/Е14.white, з патрону Е27 на Е14, пластиковий s9100021",-1
Світильник LED IP20 2400lm 900mm Lezard 30W/6500K 465-FL90-030,0
Вилка із заземлюючим контактом з вимикачем та підсвіткою Legrand 16А 50409 біла,1
Патрон до галогенових ламп G4,1
Світильник вбудований круглий LED D168 2280lm Lezard 168-CCEL-4224 24W/4200K,0
Лампа розжарювання 75W E27 230V A55 Iskra прозора в манжеті,0
Скоба монтажна металева СКаТ СММ-15 1210154,1
Перемикач поворотний I-0-II 400/690V 3-полюсний Hager HIM306 63А,0
"Пластикова рамка E.Next  e.f.es.rxj.01, для намотування кабелю s042201",1
"Лампа галогенова капсульна 12V Philips GY6,35 20W 13104 Caps.line(uv)",0
"Диференційне реле 4-полюсне Hager CD440J A-40/0,03А",-1
Вимикач автоматичний 1-полюсний Hager 6kA MC104A C 4A,-1
Вимикач автоматичний 1-полюсний Hager 6kA MB106A B 6A,1
"Диференційне реле 4-полюсне Hager CD440J A-40/0,03А",-1
Шина Hager з’єднувальна вилочна 3-полюсна 57 модулів 10 мм.кв. FORK KDN363B,-1
Вимикач автоматичний 1-полюсний Hager 6kA MC116A C 16A,-1
Вимикач автоматичний 1-полюсний Hager 6kA MC125A C 25A,-1
Розетка модульна 16А Hager SN016,1
Вимикач автоматичний 3-полюсний Hager 6kA MC325A C 25A,-1
Реле напруги 1-ф DIN ZUBR D25 25A (Imax 30А - 10 хв.),1
Бокс для внутрішньої установки 18 модулів Lezard 730-1000-018,1
"Диференційне реле 2-полюсне УЕК тип AC 4,5kA ВД 1-63 25/0,03А MDV10-2-025-030",-1
Блок розгалуджувальний DIN 80A E.Next p0680001 e.sn.pro.80,1
Зажим клемний DIN-рейку УЕК ЗНИ-16PEN 100А жовто-зелений YZN20-016-K52,1
"Інструмент E.Next e.tool.strip.700.d.0,2.4 для зняття ізоляції проводів перетином 0,2-4 кв.мм t004003",1
УЕК прес гідравлічний ручний ПГР-70 4-70мм2 TKL10-001,1
Реле проміжне 24V DC 10А E.Next e.control.p1043 i.ly4.24dc,0
Вимикач ножний E.Next e.fs.01 пластиковий p0810151,1
Вимикач ножний E.Next e.fs.01 пластиковий p0810151,1
Контактор 230V Hager ESC427 25A 2нв+2нз,0
Контактор безшумний 230V Hager ESC440S 40A 4нв,0
Коробка розподільна IP55 Spelsberg 332-912 I12-L 85*85*37 сіра 33291201,1
Касета MGP111 Makel 2Z 12200434,1
Вилка 3п з ричагом Legrand 16А 50175 біла,1
"Вимикач автоматичний 1-полюсний УЕК 4,5кА ВА47-29 C 10А MVA20-1-010-C-U",1
"Вимикач автоматичний 2-полюсний УЕК 4,5кА ВА 47- 29М C 40А MVA21-2-040-C",1
Лічильник 1 фазний багатотарифний 5- 60А електронний A (активної енергії) NIK 2104 AP2T.1000.C.11,1
Лічильник 3 фазний 5- 60А електронний активної енергії NIK-2301 AP2.0000.0.11 (АП2),1
Лічильник 3 фазний 5- 60А електронний активної енергії NIK-2301 AP2.0000.0.11 (АП2),1
"Перехідник E.Next e.lamp adapter.Е27/Е40.white, з патрону Е27 на Е40, пластиковий s9100015",-1
Стрічка ізоляційна ПВХ 20м 19мм кольорова,1
Коробка для 1-фазного лічильника NIK IP54 DOT.3-1,1
Лічильник 1 фазний 5- 60А електронний активної енергії НІК 2102-02 1кл. 220В M1,1
Патрон люстровий з гайкою E.Next e.lamp socket with nut.E27.pl.white Е27 s9100016 білий,-1
П-274М провід,-1
Лампа комактна люмінісцентна Osram 2G11 55W/840 DULUX L,1
Лічильник електроенергії 3-фазний багатотарифний 5(80)А NIK 2303 AP6T.1000.M.11,1
Шина Hager з’єднувальна вилочна 1-полюсний 12 модульна 16кв. FORK KDN180A,-1
"Шина ""N"" комбінована DIN-iзольована ""Стiйка"" УЕК ШНИ-8*12- 8-КС-С синя YNN10-812-8DP-K07",1
Блок фазних клем Hager KN14P,-1
Тримач з клемами 21*N+20*PE/5*N+6*PE Hager VZ464 до щитів Volta,1
Корпус зовнішній без дверок Volta IP30/II Hager VA48CN (VA48B) 48(56) модулів,1
Патрон-перехідник Feron LH60 E27-GU10 4A 3882,0
Шина Hager з’єднувальна вилочна 1-полюсна 12 модульна 10 мм.кв. FORK KDN163A,-1
Корпус зовнішній прозора дверка Vector IP65/II Hager VE110D 237*210*114 10 модулів,0
"OLFLEX HEAT 180 SiF провід силіконовий термостійкий 0,25",-1
Перемикач I-0-II 230V 2-полюсний Hager SFT225 25А вихід зверху,-1
Розетка модульна 16А Hager SN016,1
Вимикач автоматичний 1-полюсний Hager 6kA MC116A C 16A,-1
"Диференційне реле 2-полюсне Hager CD263J A-63/0,03А",-1
Вимикач автоматичний 1-полюсний Hager 6kA MC110A C 10A,-1
Вимикач автоматичний 2-полюсний Hager 6kA MC240A C 40A,-1
Перемикач I-0-II 230V 2-полюсний Hager SFT225 25А вихід зверху,-1
Лампа розжарювання Е40 300W,0
Лампа розжарювання Іскра Е27 230B 200W PS65 TS,0
ПРА електронне Feron 1*18W EB51S T8 18W 514,0
Кнопка здвоєна Пуск-Стоп неонова УЕК APBB-22N червона+зелена 1нз+1нв BBD11-APBB-K51,1
Лампа розжарювання 300W E27 230V В67 Iskra прозора,0
Наконечник УЕК алюмінієвий 50/10 DL-50 UNP10-050-09-10,1
Індикатор-тестер E.Next e.tool.test09 140х3 прямий шліц АС/DC70-250В  t001109,1
Стрічка ізоляційна ПВХ 20м 19мм кольорова,1
Стрічка ізоляційна ПВХ 20м 19мм кольорова,1
"Кабель сигнальний Al-Cu в екрані 6*0,22",-1
Вимикач автоматичний 1-полюсний Hager 6kA MB110A B 10A,1
Перемикач I-0-II 230V 2-полюсний Hager SFT240 40А вихід зверху,-1
Розетка модульна 16А Hager SN016,1
Перемикач I-0-II 230V 2-полюсний Hager SFT225 25А вихід зверху,-1
Перемикач I-0-II 230V 2-полюсний Hager SFT225 25А вихід зверху,-1
Перемикач I-0-II 230V 2-полюсний Hager SFT240 40А вихід зверху,-1
Вимикач 1-клавішний Asfora EPH0100162 сталь,1
Касета MGP111 Makel 2Z 12200434,1
"ПВС кабель вітчизняний 3* 1,5",-1
Вита пара c.5e кабель ЗЗКМ UTP 4PR 24AWG,0
Вилка із заземлюючим контактом з вимикачем та підсвіткою Legrand 16А 50409 біла,1
Вилка із заземлюючим контактом з вимикачем та підсвіткою Legrand 16А 50409 біла,1
"УЕК інструмент обжимний KO-01 (1,5-6,0) TKL10-D15-006",1
Кнопка здвоєна Пуск-Стоп неонова УЕК APBB-22N червона+зелена 1нз+1нв BBD11-APBB-K51,1
Світильник LED IP20 2400lm 900mm Lezard 30W/6500K 465-FL90-030,0
Коробка для 1-фазного лічильника NIK IP54 DOT.3-1,1
Рамка 2-а горизонтальна Lezard Lesya 705-0200-147 біла,1
Таймер DIN добовий Hager інтервал 15 хвилин з резервом роботи 200 годин 3 модульний EH111 (1 перемик. контакт),1
Роз’єм модульний до реле my4 3А E.Next e.control.p34s i.pif.14a,-1
Розетка із заземлюючим контактом 3-а каучукова IP44 Lezard 16А 106-0400-0101 чорна,1
"Силовий автоматичний вимикач E.Next i0660025 e.industrial.ukm.400SL.300, 3р, 300А",1
Вилка 3п Legrand 16А 50172 біла,1
"Світильник світлодіодний вологозахищений E.Next e.LED.rondo.8.4500.white, 8Вт, 4500К, IP54, білий  l0810101",0
"Колодязь кабельний пластиковий E.Next e.manhole.200.200.200.cover, 200х200х200мм з кришкою CP202020",1
Драйвер що регулюється для світлодіодной панелі E.Next e.LED.Panel.PRO.Driver.36.Dim1-10V  l0850018,0
Шина Hager з’єднувальна вилочна 3-полюсна 57 модулів 10 мм.кв. FORK KDN363B,-1
Корпус зовнішній прозорі дверки Vector IP65/II Hager VE118DN 18 модулів 418*302*151,1
"Клема з’єднувальна Wago 2273-205 5*0,5-2,5 кв.мм прозора/жовта (для монолітних проводів)",1
Скоба монтажна металева СКаТ СММ-18 1210184,1
"Колодка клемна полістирольна подільна УЕК 12* 2,5 ЗВИ-3А негорюча біла UZV4-003-04-U",1
"УЕК сальник+контргайка IP54 PG13,5 (D кабелю 7-11) YSA20-12-13-54-K41",1
Перехідник комп'ютерний 8p8c 1-1(1гніздо-1гніздо),-1
Батарейка cольова Videx 6F22/9V крона,0
Вилка углова пласка 3п 16A белая TIMEX-ELEKTRO WT-16UP,0
Кабельний ввід латунний E.Next e.met.pg.stand.7 s051007,-1
Кабельний ввід E.Next e.pg.protect.stand.16 з опліткою діаметр провідника 10-14 мм s051005,-1
"Кабельний ввід E.Next e.pg.protect.stand.13,5 з опліткою діаметр провідника 9-12 мм s051004",-1
Кабельний ввід E.Next e.pg.protect.stand.9 з опліткою діаметр провідника 4-8 мм s051002,-1
Кабельний ввід E.Next e.pg.protect.stand.7 з опліткою чорний діаметр провідника 3-6.5 мм s051001,-1
Вимикач автоматичний 2-полюсний Hager 6kA MC216A C 16A,-1
Вимикач автоматичний 2-полюсний Hager 6kA MB216A B 16A,1
Вимикач навантаження 2-полюсний 380V Hager SBN263 63A,0
Шина Hager з’єднувальна вилочна 2-полюсна 12 модулів 10 мм2 FORK KDN263A,-1
Вимикач автоматичний 1-полюсний Hager 6kA MC163A C 63A,-1
Рамка 2-а Регіна 13012213 біла,1
"Патрон бакелітовий E.Next e.lamp socket wall sidE.Next e.E27.bk.black, настінний Е27, чорний s9100019",-1
"Патрон бакелітовий E.Next e.lamp socket wall sidE.Next e.E27.bk.black, настінний Е27, чорний s9100019",-1
"Диференційне реле 2-полюсне Hager CD263J A-63/0,03А",-1
"Диференційне реле 2-полюсне Hager CD225J А-25/0,03А",-1
Вимикач автоматичний 1-полюсний Hager 6kA MB106A B 6A,1
Вимикач автоматичний 1-полюсний Hager 6kA MB110A B 10A,1
Вимикач автоматичний 1-полюсний Hager 6kA MB116A B 16A,1
Вимикач автоматичний 2-полюсний Hager 6kA MC216A C 16A,-1
Вимикач автоматичний 1-полюсний Hager 6kA MC116A C 16A,-1
Світильник вбудований круглий LED D100 855lm Lezard 100-CCEL-4209 9W/4200K білий,0
Корпус металевий зовнішній IP31 УЕК сірий ЩУРН-1/12зо-1 36 УХЛЗ MKM25-N-12-31-ZO,1
Корпус металевий зовнішній IP31 УЕК сірий ЩУРН-1/12зо-1 36 УХЛЗ MKM25-N-12-31-ZO,1
Корпус металевий зовнішній IP31 УЕК сірий ЩУРН-1/12зо-1 36 УХЛЗ MKM25-N-12-31-ZO,1
Корпус металевий зовнішній IP31 УЕК сірий ЩУРН-1/12зо-1 36 УХЛЗ MKM25-N-12-31-ZO,1
Реле проміжне 12V AC 10А E.Next e.control.p1042 i.ly4.12ac,0
Патрон-перехідник Feron LH64 E27-E14 4A 3881,0
"Запобіжник mini 250V ETI CH 5*20 F 2,5А 6710021",0
"Запобіжник mini 250V ETI CH 5*20 F 2,0А 6710031",0
Лампа компактна Feron 1U/2p G23 11W/4000 EST1 2270,0
Розетка із заземлюючим контактом 3-а каучукова IP44 Lezard 16А 106-0400-0101 чорна,1
Лічильник електроенергії 1-однофазний 5(60)А НІК 2100 AP2.0000.0.11,1
Корпус щита пластиковий IP20 з кришкою 1-2 модулі,1
Розетка із заземлюючим контактом Asfora EPH2900161 алюміній,1
Рамка 2-а Asfora EPH5800261 алюміній,1
"Вимикач автоматичний 1-полюсний УЕК 4,5кА ВА47-29 C 16А MVA20-1-016-C-U",1
Вилка углова пласка 3п 16A белая TIMEX-ELEKTRO WT-16UP,0
ДАТЧИК РУХУ 180 Euroelectric 12m ST-08WWS білий IP44,0
"Патрон керамічний Е27 без кріплення, мідний контакт (Без маркування) E.Next s9100117p",1
"Спіральна обв'язка E.Next e.spiral.stand.3.black, 1,5-10 мм, 10м, чорна s2038010",-1
"ШВВП провід вітчизняний 2*0,75",-1
Блок N-клем Hager KN26N,-1
Розетка із заземлюючим контактом каучукова IP44 Lezard 16А 106-0400-0102 чорна,1
Вилка із заземлюючим контактом кутова каучукова IP44 Lezard 16А 106-0400-0108 чорна,1
Перемикач I-0-II 230V 2-полюсний Hager SFT240 40А вихід зверху,-1
Счетчик 3 фазный 5-100А электронный активной/реактивной энергии НІК-2303L АРП1 (1000MСE) 1/2к 3*230/380В,1
Лічильник 3 фазний 5-120А електронний активної/реактивної енергії NIK-2303 ARP3.1000.M.11 (АРП3),1
Перемикач I-0-II 230V 2-полюсний Hager SFT225 25А вихід зверху,-1
РЕЛЕ напруги 1-ф DIN HS Electro УКН-25с,1
Коробка розподільна IP55 Spelsberg 332-916 I16 130*85*37 cіра,1
Контакт замикаючий фронтальний 1NO Eaton M22-K10 216376,1
Перемикач I-0-II 230V 2-полюсний Hager SFT240 40А вихід зверху,-1
Патрон люстровий Е14-01 білий,1
Лічильник 3 фазний 5-120А електронний активної/реактивної енергії NIK-2303 ARP3.1000.M.11 (АРП3),1
"Силовий автоматичний вимикач E.Next i0010007 e.industrial.ukm.250S.160, 3р, 160А",1
Таймер DIN добовий Hager інтервал 15 хвилин з резервом роботи 200 годин 3 модульний EH111 (1 перемик. контакт),1
Патрон до галогенових ламп G4,1
Світильник вбудований круглий LED D100 855lm Lezard 100-CCEL-4209 9W/4200K білий,0
Розетка із заземлюючим контактом модульна УЕК РАр10-3-ОП MRD10-16-U,1
Обмежувач УЕК на DIN-рейку YXD10,1
"Вимикач автоматичний 2-полюсний УЕК 4,5кА ВА 47- 29М C 40А MVA21-2-040-C",1
Світильник вбудований круглий LED D168 2280lm Lezard 168-CCEL-4224 24W/4200K,0
Кабель 2 жильний 220V DTIP-18 2540W 155м 89835582,0
"Гільза мідна луджена 2,5",1
"Гільза мідна луджена 1,5",1
Гільза мідна луджена 4,1
Лампа люмінесцентна Osram G5 39W/840 FQ HO,0
Лампа натрієва Delux Е40 400W Sodium-T 10007863,0
Лампа люмінесцентна Osram G5 39W/840 FQ HO,0
Розетка 230V панельна IP44 Mennekes 3 полюси 32А 1395,0
Світильник вбудований круглий LED D100 855lm Lezard 100-CCEL-4209 9W/4200K білий,0
"Вимикач автоматичний 2-полюсний УЕК 4,5кА ВА 47- 29М C 16А MVA21-2-016-C",1
Коробка для 1-фазного лічильника зi склом КДЕ-1 (2 модуля),1
Коробка для 3-фазного електронного лічильника IP54 КДЕ-У (8 модулiв),1
Клема нейтральна з тримачем 1х25+8x16+8x10мм² Hager KM17N,0
Модульний перемикач навантаження CNC Electric YCBZ-40 3P 40A 1-0-2 240/415V~,0
Корпус щита розподільний вбудований IP40 ETI DIDO-E ECM 36PT 1101013 прозора дверка,1
"Клема гвинтова ETI VS 2,5 PA (0,5-2,5) 24А 3901000 бежева",1
"Вимикач автоматичний 1-п C20А Basic M 4,5kA BMS411C20 ABB 2CDS641041R0204",1
Головка сигнальна світлодіодна 24V AC/DC E.Next e.ad22.24.green зелена s009020,0
"Вимикач автоматичний 1-полюсний УЕК 4,5кА ВА47-29 C 6,0А MVA20-1-006-C-U",1
Контактор 230V Hager ESC225 25A 2нв,0
"Кнопковий пост E.Next e.cs.stand.xal.d.174, стоп, кнопка-грибок, поворотне повернення s006016",1
Заглушка бокова УЕК до ЗНИ 4-6 синя YZN10D-ZGL-006-K07,1
Обмежувач УЕК на DIN-рейку YXD10,1
"Зажим клемний DIN-рейку УЕК ЗНИ-2,5 24A синій YZN10-002-K07",1
"Зажим клемний DIN-рейку УЕК ЗНИ-2,5 24A сiрий YZN10-002-K03",1
Зажим клемний DIN-рейку УЕК ЗНИ- 6 50А синій YZN10-006-K07,1
Сальник+контргайка УЕК IP54 PG 9 (D кабелю 6-7) YSA20-08-09-54-K41-U,1
Сальник+контргайка УЕК IP54 PG16 (D кабелю 9-13) YSA20-14-16-54-K41-U,1
"Наконечник втулочний луджений ізольований 2,5/12",1
Короб перфорований Аско 40*25 A0070020019,1
Сальник+контргайка УЕК IP54 PG 7 (D кабелю 5-6) YSA20-06-07-54-K41-U,1
"Наконечник втулочний луджений ізольований 1,5/12",1
"Наконечник втулочний луджений ізольований 0,75/ 8",1
"Вимикач автоматичний 2-полюсний УЕК 4,5кА ВА 47- 29М C 20А MVA21-2-020-C",1
"Шина ""N"" E.Next s025001 e.bs.stand.1.7 (7 відгалужень)",1
Головка сигнальна світлодіодна 24V AC/DC E.Next e.ad22.24.red червона s009021,0
Шина DIN перфорована E.Next s023001 L-100см e.din.stand.rail.101,1
Імпульсне реле 230V RESI9 Schneider R9C30116 16А 1 нормально відкритий контакт,0
"Вимикач автоматичний 1-полюсний E.Next 4,5кА s002007 10A e.mcb.stand.45.1.C10",1
"Вимикач автоматичний 1-полюсний E.Next 4,5кА s002008 16A e.mcb.stand.45.1.C16",1
Коробка установча для полих стін MB002 D65×45 Plank PLK4002400,1
Коробка розподільна для гіпсокартона IP20 Schneider IMT35161 100*100*50,1
"Пристрій захисту від імпульсних перенапруг (УЗІП, блискавкозахист) 1Р+N/20кА/10кА/1,3кВ Schneider EZ9L33620",1
Вимикач автоматичний 1-полюсний Hager 6kA MC140A C 40A,-1
Вимикач автоматичний 2-полюсний Hager 6kA MC240A C 40A,-1
Реле імпульсне 12V DIN Hager EPN511 (1нв) 16А,0
"Колодязь кабельний пластиковий E.Next e.manhole.200.200.200.cover, 200х200х200мм з кришкою CP202020",1
Лічильник 3 фазний 5-120А електронний активної/реактивної енергії NIK-2303 ARP3.1000.M.11 (АРП3),1
Лампа галогенова капсульна 230V Feron G5.3 20W HB6 JCD прозора 499,0
"OLFLEX HEAT 180 SiF провід силіконовий термостійкий 0,75",-1
Коробка для 1-фазного лічильника зi склом КДЕ-1 (2 модуля),1
Патрон люстровий з гайкою E.Next Е14 s9100006 білий,1
Адаптер Legrand 50385 американський стандарт,1
ПВ-1 провід перетином 2.5,-1
"OLFLEX HEAT 180 SiF провід силіконовий термостійкий 0,75",-1
Лічильник 1 фазний багатотарифний 5- 60А електронний A (активної енергії) NIK 2104 AP2T.1000.C.11,1
Драйвер що регулюється для світлодіодной панелі E.Next e.LED.Panel.PRO.Driver.36.Dim1-10V  l0850018,0
"Вимикач автоматичний 1-полюсний УЕК 4,5кА ВА47-29 C 16А MVA20-1-016-C-U",1
Корпус зовнішній без дверки Volta IP30/II Hager VA12CN (VA12B) 12(14) модулів,1
"Диференційний автомат 2-полюсний УЕК тип А 6kA АВДТ 32 C 20/0,03А MAD22-5-020-C-30",1
"Вимикач автоматичний 1-полюсний УЕК 4,5кА ВА47-29 C 6,0А MVA20-1-006-C-U",1
Вимикач автоматичний 4-полюсний Hager 6kA MC432А С 32A,-1
"Модульний автоматичний вимикач E.Next e.mcb.stand.45.4.C25, 4р, 25А, C, 4,5 кА s002049",1
"Вимикач автоматичний 1-полюсний УЕК 4,5кА ВА47-29 C 32А MVA20-1-032-C-U",1
"Вимикач автоматичний 2-полюсний УЕК 4,5кА ВА47-29 C 25А MVA20-2-025-C-U",1
"Запобіжник mini 250V ETI CH 5*20 F 8,0A 6710026",0
Кріплення для труб 20мм/пакунок 100шт,-1
"Наклейка трикутна 100*100*100мм УЕК ""Блискавка"" YPC30-MOLNI-4-096",0
"Пристрій захисту від імпульсних перенапруг (УЗІП, блискавкозахист) 1Р+N/20кА/10кА/1,3кВ Schneider EZ9L33620",1
"Клема з’єднувальна з нажимним важелем Wago 222-415 для 5 гнучких проводів 0,08-4 кв.мм сіра",1
Коробка для 3-фазного електронного лічильника IP54 КДЕ-У (8 модулiв),1
Бокс для внутрішньої установки 8 модулів Lezard 730-1000-008,1
Перемикач I-0-II 230V 2-полюсний Hager SFT225 25А вихід зверху,-1
Патрон до галогенових ламп G4,1
Патрон-перехідник Feron LH64 E27-E14 4A 3881,0
Реле проміжне 24V AC 10А E.Next e.control.p1034 i.ly3.24ac,0
"Реле тимчасового ввімкнення (0,3-30 сек) при подачі напруги E.Next e.control.t16 i0310028",1
Патрон підвісний керамічний E.Next Е27 s9100014,1
Світильник переносний 60W Е27 230V УЕК УП-1Р 5м WSP20-05-K09,0
Вимикач автоматичний 2-полюсний Hager 6kA MC225A C 25A,-1
Лічильник електроенергії 1-однофазний 5(60)А НІК 2100 AP2.0000.0.11,1
Лічильник електроенергії 1-однофазний 5(60)А НІК 2100 AP2.0000.0.11,1
Коробка для 1-фазного лічильника зi склом КДЕ-1 (2 модуля),1
"Затискач проколюючий вітчизняний ЗПАм (магiстраль 10-95 / вiдгалудження 1,5-10)",-1
Корпус зовнішній прозора дверка Vector IP65/II Hager VE106D 165*190*113 6 модулів,1
Викрутка-пробник електронна УЕК ОП-2е TPR20,-1
Вимикач автоматичний 1-полюсний Hager 6kA MC104A C 4A,-1
Вимикач автоматичний 1-полюсний Hager 6kA MC106A C 6A,-1
Вимикач автоматичний 1-полюсний Hager 6kA MC110A C 10A,-1
Розетка 400V кабельна IP44 Walther 5 полюсів 16А 310,0
Скоба монтажна металева СКаТ СММ-25 1210254,1
Вимикач автоматичний 2-полюсний Hager 6kA MC216A C 16A,-1
Вимикач автоматичний 1-полюсний Hager 6kA MC132A C 32A,-1
Контактор 230V Hager ESC225 25A 2нв,0
Перемикач I-0-II 230V 2-полюсний Hager SFT240 40А вихід зверху,-1
Корпус металевий E.Next e.mbox.pro.n.18 IP31 навісний на 18 модулів p0100202,1
Перемикач I-0-II 400V 4-полюсний Hager SFT440 40А вихід зверху,0
"Інструмент E.Next e.tool.crimp.hs.10.1,5.6 для обтиску неізольованих наконечників 1,5-6,0 кв.мм t002003",1
"Шина ""N"" E.Next s025002 e.bs.stand.1.12 (12 відгалужень)",1
"Шина ""PEN"" кріплення - центр УЕК 6*9мм 8/1 YNN10-08-100",1
"Вимикач автоматичний 1-полюсний УЕК 4,5кА ВА47-29 C 16А MVA20-1-016-C-U",1
Лампа сигнальна Eltis LE червона,0
"Шина ""N"" E.Next s025001 e.bs.stand.1.7 (7 відгалужень)",1
"Вимикач автоматичний 1-полюсний УЕК 4,5кА ВА47-29 C 6,0А MVA20-1-006-C-U",1
"Вимикач автоматичний 2-полюсний ІЕК 4,5кА ВА 47- 29М C 32А MVA21-2-032-C",1
Індикатор-тестер E.Next e.tool.test09 140х3 прямий шліц АС/DC70-250В  t001109,1
"Диференційний автомат 2-полюсний 6кА Hager AD960J C A-10/0,03А",1
"Диференційний автомат 2-полюсний 6кА Hager AD966J C A-16/0,03А",1
Тримач клем QuickConnect Hager VZ707N до щитів Golf VF/VS 12 модулів,-1
Контактор 380V/АС3 ІЕК КМИ-10910 9А 1нв KKM11-009-400-10,0
Тримач клем QuickConnect Hager VZ708N до щитів Golf VF/VS 18/22 модулі,-1
Блок PE-клем Hager KN26E,-1
Блок N-клем Hager KN10N,-1
Патрон-перехідник Feron LH64 E27-E14 4A 3881,0
"Клема з’єднувальна з нажимним важелем Wago 221-613 для 3 гнучких проводів 0,5-6 кв.мм прозора",1
Лампа розжарювання 300W E27 230V В67 Iskra прозора,0
Лампа свіча Іскра Е14 40W B36 прозора,0
Лампа галогенова 12V Feron G4 20W JC 443,0
Кліщи електровимірювальні аналогові К4575 А,1
Вимикач ножний E.Next e.fs.02 металевий p0810152,1
Викрутка-пробник електронна УЕК ОП-2е TPR20,-1
Патрон-перехідник Feron LH64 E27-E14 4A 3881,0
Викрутка-пробник електронна УЕК ОП-2е TPR20,-1
"Корпус E.Next e.mbox.stand.n.f1.16.z.e металевий, під 1-ф. електронний лічильник, 16 мод., навісний, з замком",1
Рамка 1-а Регіна 13012118 слонова кістка,1
Лічильник електроенергії 1-однофазний 5(60)А НІК 2100 AP2.0000.0.11,1
Панель LED+драйвер 595*595*14 3200Lm Lezard 45W/4200K 442-LPS-60045,0
Корпус металевий вбудований IP31 УЕК сірий ЩУРВ-1/12зо-1 36 УХЛЗ MKM25-V-12-31-ZO,1
"Диференційний автомат 2-полюсний УЕК тип А 6kA АВДТ32 C 25/0,03А MAD22-5-025-C-30-U",1
"Інструмент E.Next e.tool.crimp.ht.208.m для обтиску конекторів, зачистки та різки кабелю t006010",1
Патрон люстровий з гайкою E.Next Е14 s9100006 білий,1
Батарейка cольова Videx 6F22/9V крона,0
Затискач анкерний натяжний 2*(16-25) вітчизняний ЗА 1.1,-1
"Вимикач автоматичний 2-полюсний E.Next 4,5кА s002017 16A e.mcb.stand.45.2.C16",1
"Силовий автоматичний вимикач E.Next i0010007 e.industrial.ukm.250S.160, 3р, 160А",1
Перемикач I-0-II 230V 2-полюсний Hager SFT240 40А вихід зверху,-1
Вимикач автоматичний 1-полюсний Hager 6kA MC103A C 3A,-1
Вимикач автоматичний 1-полюсний Hager 6kA MC101A C 1A,-1
Вимикач автоматичний 1-полюсний Hager 6kA MC125A C 25A,-1
Вимикач автоматичний 1-полюсний Hager 6kA MC116A C 16A,-1
Розетка силова 2К+З Lezard 32А 715-1201-620,1
Вилка силова 2К+З Lezard 32А 715-1302-621,1
Клемник ввідно-розгалуджувальний 4 полюсний (35кв.мм) Hager K65A до щитів Univers 100А на полюс,1
Світильник стельовий з датчиком руху E.Next e.sensor.lum.78.e27.white(білий) 360° IP20 s061025,-1
Перемикач I-0-II 230V 1-полюсний Hager SFT132 32А вихід зверху,0
Патрон підвісний карболітовий вітчизняний. Е14,1
"Маркер УЕК МК0-1,5 ""8"" 1000шт UMK00-8",1
Реле проміжне 230V AC 10А E.Next e.control.p1046 i.ly4.230ac,0
Коробка установча г/к 5-а металеві лапки Kopos 5*D68*45 KP 64/5L,1
Тумблер MTS-203 ON-OFF-ON 3-положення 6-контактів АСКО-УКРЕМ A0140060018,1
"Клема з’єднувальна з важелем Wago 221-413 для 3 гнучких проводів 0,14-4 кв.мм прозора",1
Вимикач ножний E.Next e.fs.01 пластиковий p0810151,1
Вимикач автоматичний 1-полюсний Hager 6kA MB116A B 16A,1
"Розрядник 400V УЕК ОПС1-C 3p In=20кА, Im=40kA MOP20-3-C",0
Тумблер MTS-203 ON-OFF-ON 3-положення 6-контактів АСКО-УКРЕМ A0140060018,1
Тумблер MTS-203 ON-OFF-ON 3-положення 6-контактів АСКО-УКРЕМ A0140060018,1
Розетка 2-а із заземлюючим контактом Forix IP20 782433 біла,1
"Пластикова рамка E.Next  e.f.es.rxj.01, для намотування кабелю s042201",1
Кабельний ввід E.Next e.pg.protect.stand.7 з опліткою чорний діаметр провідника 3-6.5 мм s051001,-1
Лампа ртутно-вольфрамова Delux Е40 250W GYZ 10007874,0
Корпус щита пластиковий IP20 з кришкою 3-4 модулі,1
Лампа ртутно-вольфрамова Delux Е40 250W GYZ 10007874,0
Корпус щита пластиковий IP20 з кришкою 3-4 модулі,1
Блок PE-клем Hager KN26E,-1
Тримач клем QuickConnect Hager VZ708N до щитів Golf VF/VS 18/22 модулі,-1
"Спіральна обв'язка E.Next e.spiral.stand.8.black, 6-60 мм, 10м, чорна s2038012",-1
"Лампа LED 230V MR16 ELamp 50000 Led eco GU5,3 5,0W/4000 LED-SMD-05534(E) dim",0
"Вимикач автоматичний 1-полюсний УЕК 4,5кА ВА47-29 C 25А MVA20-1-025-C-U",1
Патрон підвісний керамічний E.Next Е27 s9100014,1
"Кабельний ввід E.Next e.pg.protect.stand.13,5 з опліткою діаметр провідника 9-12 мм s051004",-1
Коробка для 1-фазного електронного лічильника IP54 КДЕ-2 (3 модулі),1
"Шина ""PEN"" кріплення центр УЕК 6*9мм 4/1 YNN10-04-100",1
ПВ-1 провід перетином 10,-1
Лічильник електроенергії 1-однофазний 5(60)А НІК 2100 AP2.0000.0.11,1
Світильник з решіткою E.Next НСП 21У 100 Вт IP54,1
Корпус накладний прозорі дверки Cosmos IP40/II Hager VD108TD 8 модулів,1
Наконечник УЕК мідний луджений 10/ 6 JG-10 UNP40-010-06-06,1
Наконечник пайка Аско мідний луджений 6/ 6 SC-6-6 A0060050004,1
Наконечник пайка Аско мідний луджений 6/ 5 SC-6-5 A0060050026,1
Ввод-сальник УЕК IP54 сірий d=20 (D боксу 22) YSA40-20-22-68-K41,1
"Шина ""N""основа-DIN E.Next s055003 e.bsc.stand.20.8 (8 відгалужень*20А)",1
Шина DIN оцинкована УЕК L-30 см YDN10-0030-U,1
"Шина ""N"" E.Next s025001 e.bs.stand.1.7 (7 відгалужень)",1
Скоба монтажна металева СКаТ СММ-12 1210124,1
Корпус щита пластиковий зовнішній IP65 ETI ECH 4G 1101060 прозора вертикальна дверка,1
Вимикач автоматичний 1-п Siemens 5SL6132-7 C 32A,1
Вимикач автоматичний 1-п Siemens 5SL6120-7 C 20A,1
Коробка розподільна з кришкою для суцільних стін KOPOS KO 100 E_KA,1
Коробка розподільна Kopos D103*50 KO 97/5,1
Коробка розподільна з кришкою для суцільних стін KOPOS KO 100_KA 107*107*50,1
Ввод-сальник УЕК IP54 сірий d=20 (D боксу 22) YSA40-20-22-68-K41,1
Наконечник пайка Аско мідний луджений 4/5 SC-4-5 A0060050003,1
Наконечник пайка Аско мідний луджений 10/ 6 SC-10-6 A0060050028,1
Скоба монтажна металева СКаТ СММ-12 1210124,1
Вимикач автоматичний 1-п Siemens 5SL6132-7 C 32A,1
Вимикач автоматичний 1-п Siemens 5SL6120-7 C 20A,1
Корпус щита пластиковий зовнішній IP65 ETI ECH 4G 1101060 прозора вертикальна дверка,1
Шина DIN оцинкована УЕК L-30 см YDN10-0030-U,1
"Шина ""N""основа-DIN E.Next s055003 e.bsc.stand.20.8 (8 відгалужень*20А)",1
"Шина ""N"" E.Next s025001 e.bs.stand.1.7 (7 відгалужень)",1
АВВГ кабель вітчизняний 4* 6,-1
Лампа люмінесцентна Philips G13 18W/33 TLD Standart,0
"Затискач проколюючий вітчизняний ЗПАм (магiстраль 10-95 / вiдгалудження 1,5-10)",-1
Запобіжник ПН-2 250А,1
Вимикач автоматичний 1-полюсний Hager 6kA MC106A C 6A,-1
Вимикач автоматичний 1-полюсний Hager 6kA MC110A C 10A,-1
Вимикач автоматичний 2-полюсний Hager 6kA MC210A C 10A,-1
Вимикач автоматичний 2-полюсний Hager 6kA MC225A C 25A,-1
Вимикач автоматичний 2-полюсний Hager 6kA MC232A C 32A,-1
Лічильник однофазний E.Next e.control.w04m 5(45)А електронний клас 1.0 (некомерційний облік) i0310031m,1
Реле проміжне 230V AC 5А E.Next e.control.p536 i.my3.230ac,0
Лампа люмінесцентна Osram G13 для м‘ясних прилавків 36W/76 L,0
ВВГнг кабель вітчизняний 2* 10,-1
Лампа люмінесцентна Electrum G5 у/ф 6W A-TF-0402,0
Перемикач I-0-II 230V 2-полюсний Hager SFT232 32А вихід зверху,-1
ВВГнг кабель вітчизняний 2* 10,-1
Світильник вбудований круглий LED 171*13.5mm 720Lm IP20 Feron AL510 12W/4000K білий 5372,0
"ШВВП провід вітчизняний 2*0,5",-1
Колодка клемна з кришкою E.Next e.tc.protect.15.12 p056005 15А 12 полюсів,1
"Клема з важелем Wago 222-412 для 2 гнучких проводів 0,08-4 кв.мм сіра",1
"Арматура світлосигнальна з індикатором напруги та струму e.ad22.va Ø22мм, 50-500В, 0-100 А E.Next",0
Корпус зовнішній димчасті дверки Golf IP40/II Hager VS112TD 12 модулів ніша 252*282*99,-1
"Лампа галогенова капсульна 12V Philips GY6,35 20W 13104 Caps.line(uv)",0
Короб Елекор 40*16 дуб CKK10-040-016-1-K24/30,1
Тумблер 1322 3-положення х 6-контактів АСКО-УКРЕМ A0140060006,1
Тумблер MTS-101 ON-OFF 2-положення х 2-контакти АСКО-УКРЕМ A0140060010,1
Тумблер 1021 2-положення х 2-контакти АСКО-УКРЕМ A0140060001,1
Лампа натрієва Delux Е40 400W Sodium-T 10007863,0
Лампа натрієва Delux Е40 400W Sodium-T 10007863,0
Лампа натрієва Delux Е40 400W Sodium-T 10007863,0
Реле часу електронне двоканальне E.Next e.control.t09  i0310012,1
Кріплення для труб 20мм/пакунок 100шт,-1
Патрон підвісний керамічний E.Next Е27 s9100014,1
"Корпус E.Next e.mbox.stand.w.48.z металевий, під 48 мод., що вбудовується, з замком  s0100125",1
Обмежувач УЕК на DIN-рейку YXD10,1
Перемикач введення резерву I-0-II 400V 3-полюсний Hager SFT340 40А вихід зверху,0
Реле імпульсне 230V DIN Hager EPN510 (1нв) 16А,0
"Шина ""N"" DIN в корпусі E.Next p0650005 4*11 груп e.cbs.pro.4.11",1
Корпус вбудований металеві дверки Volta IP30/II Hager VU48UA 48(56) модулів,1
Тримач з клемами 21*N+20*PE/5*N+6*PE Hager VZ464 до щитів Volta,1
Датчик руху мікрохвильовий ДД-МВ401 500Вт 360град 8м IP20 білий УЕК  LDD11-401MB-500-001,1
Перемикач I-0-II 230V 2-полюсний Hager SFT240 40А вихід зверху,-1
Контактор 220V/АС3 ІЕК КМИ-22510 25А 1нв KKM21-025-230-10,0
Перемикач клавішний KCD1-5-101 Grey/Grey круглий сірий АСКО-УКРЕМ A0140040069,1
"Спіральна обв'язка E.Next e.spiral.stand.3.black, 1,5-10 мм, 10м, чорна s2038010",-1
"Спіральна обв'язка E.Next e.spiral.stand.8.black, 6-60 мм, 10м, чорна s2038012",-1
Клемник ввідно-розгалуджувальний 4 полюсний (35кв.мм) Hager K65A до щитів Univers 100А на полюс,1
Наконечник УЕК мідний луджений 10/ 6 JG-10 UNP40-010-06-06,1
Гільза мідна луджена 16,1
Наконечник УЕК мідний луджений 16/ 8 JG-16 UNP40-016-06-08,1
Гільза мідна луджена 10,1
Кабельний ввід E.Next e.pg.protect.stand.7 з опліткою чорний діаметр провідника 3-6.5 мм s051001,-1
Контактор 380V/АС3 ІЕК КМИ-10910 9А 1но KKM11-009-400-10,0
Рамка 2-а вертикальна Asfora EPH5810262 сталь,1
Колодка клемна для голих ліній передач Білмакс КП 95К 1-п з кришкою 1*95/4*16,1
"Пластикова рамка E.Next  e.f.es.rxj.01, для намотування кабелю s042201",1
"Датчик руху інфрачервоний стельовий, що вбудовується E.Next e.sensor.pir.42.white(білий), 360°, IP20  s061011",-1
Лампа LED 230V Feron 25000h G13 9W/4000 T8 LB-246 6230,0
Світильник LED IP65 без ламп Евросвітло 656*115*90 EVRO-LED-SH-2*10 2*9W 39733 SLIM,0
Блок PE-клем Hager KN22E,-1
Блок PE-клем Hager KN18E,-1
Вимикач автоматичний 1-полюсний Hager 6kA MB110A B 10A,1
Вимикач автоматичний 1-полюсний Hager 6kA MC110A C 10A,-1
Вимикач автоматичний 1-полюсний Hager 6kA MC116A C 16A,-1
Корпус зовнішній прозора дверка Vector IP65/II Hager VE110D 237*210*114 10 модулів,1
"Диференційне реле 2-полюсне Hager CD225J А-25/0,03А",-1
Вимикач автоматичний 4-полюсний Hager 6kA MC420A С 20A,-1
Вита пара c.5e кабель ЗЗКМ UTP 4PR 24AWG,0
Лічильник 1 фазний 5- 60А електронний активної енергії НІК 2102-02 1кл. 220В M1,1
Перехідник E.Next e.lamp adapter.GU10/Е14.white з патрону GU10 на Е14 пластиковий s9100043,-1
"Датчик руху інфрачервоний E.Next e.sensor.pir.38.white(білий), 180°, IP20  s061006",-1
Лампа рефлекторна Іскра Е14 R50 40W,0
Розетка із заземлюючим контактом з кришкою 2-а ETI IP54 RHE-2s-KR 4668052 коричнева,1
Розетка із заземлюючим контактом з кришкою 2-а ETI IP54 RHE-2s-KR 4668052 коричнева,1
Розетка із заземлюючим контактом з кришкою 3-а ETI IP44 RHE-3s-KR 4668054 коричнева,1
Запобіжник ПН-2 250А,1
Домовент вентилятор без решітки 100 ВКО,1
"Трубка термоусаджувальна 3,0/1,5",-1
"Трубка термоусаджувальна 5,0/2,5",-1
"F конектор для кабелю RG-6, накрутний FF-1 D=6.6мм",1
Спліттер (розгалужувач) DATIX S-4 DS,0
Перехідник (з'єднувач) F гніздо / F гніздо FF-13,-1
Патрон підвісний керамічний E.Next Е27 s9100014,1
Батарейка cольова Videx 6F22/9V крона,0
Батарейка cольова Videx 6F22/9V крона,0
"Пластикова рамка E.Next  e.f.es.rxj.01, для намотування кабелю s042201",1
"Диференційне реле 2-полюсне Hager CC216J А-16/0,01А",-1
Реле проміжне 230V AC 5А E.Next e.control.p536 i.my3.230ac,0
Лампа галогенова лінійна R7s Feron 150W/ 78 02003,0
"Вимикач автоматичний 1-полюсний УЕК 4,5кА ВА47-29 C 32А MVA20-1-032-C-U",1
"Вимикач автоматичний 1-полюсний УЕК 4,5кА ВА47-29 C 16А MVA20-1-016-C-U",1
Перемикач I-0-II 230V 2-полюсний Hager SFT232 32А вихід зверху,-1
Перемикач I-0-II 230V 2-полюсний Hager SFT225 25А вихід зверху,-1
Лічильник 1 фазний багатотарифний 5- 60А електронний A (активної енергії) NIK 2104 AP2T.1000.C.11,1
"Піктограма ""ВИХІД"" для аварійних світильників 500 E.Next e.pict.exit.310.100  l0660074",1
Механізм вимикача 2-клавішного 11000602,1
Рамка 1-а Регіна 13012118 слонова кістка,1
"Диференційне реле 2-полюсне Hager CF263J A-63/0,3А",-1
Вимикач автоматичний 1-полюсний ETI 6kA Etimat 6 AC C 16А 2141516,1
Вимикач автоматичний 1-полюсний ETI 6kA Etimat 6 AC C 25А 2141518,1
Вимикач автоматичний 1-полюсний ETI 6kA Etimat 6 AC C 20А 2141517,1
"Вимикач автоматичнийдля захисту двигуна 3-полюсний ETI MS25-10 (6,3-10) 4600100",1
"Вимикач автоматичнийдля захисту двигуна 3-полюсний ETI MS25- 6,3 (4,0-6,3) 4600090",1
Індикатор модульний LED УЕК ЛС-47М зелений MLS20-230-K06,0
"Кнопковий пост E.Next e.cs.stand.xal.d.174, стоп, кнопка-грибок, поворотне повернення s006016",1
"Клема з’єднувальна з нажимним важелем Wago 221-613 для 3 гнучких проводів 0,5-6 кв.мм прозора",1
"ПВС кабель вітчизняний 2* 2,5",-1
Вимикач автоматичний 3-полюсний Hager 6kA MC332A C 32A,-1
Вилка із заземлюючим контактом кутова каучукова з вушком IP44 Lezard 16А 106-0400-0109 чорна,1
Колодка без заземлення 3 гнізда Makel MGP121,1
"Батарейка сольова Videx 4шт. R06P/AA 1,5V",0
"Батарейка сольова Videx 4шт. R03P/AAA 1,5V",0
Адаптер Legrand 50385 американський стандарт,1
Світильник світлодіодний накладний E.Next e.LED.2101.36.6500 36Вт 6500К 1200мм IP20 l0810005,0
Трубка ПВХ гофрована з протяжкою 320N УФ-стійка Kopos D 16/1416E_F50D чорна,1
Вимикач 1-клавішний ETI IP54/IP44 VHE-1 білий 4668000,1
ПВ-1 провід перетином 10,-1
Розетка із заземлюючим контактом з кришкою 2-а ETI IP54 RHE-2s 4668019 біла,1
Розетка із заземлюючим контактом з кришкою ETI IP54 RHE-1s 4668015 біла,1
"Диференційне реле (ПЗВ) ABB F202 AC-40/0,03 (2CSF202001R1400)",0
Коробка розподільна металева Білмакс КР-10 100*100*70,1
Блок N-клем Hager KN10N,-1
Тримач клем QuickConnect Hager VZ707N до щитів Golf VF/VS 12 модулів,-1
"Лампа LED 230V MR16 ELamp Еко D GU10 5,0W/4000 LED-SMD-05104(D)",0
"Лампа LED 230V MR16 ELamp Еко D GU10 5,0W/4000 LED-SMD-05104(D)",0
Ковпачок захисний силіконовий XB2 АСКО-УКРЕМ A0140010074,1
"Лампа натрієва високого тиску E.Next e.lamp.hps.e27.100, E27, 100 Вт  l0450002",-1
Світильник з решіткою E.Next НСП 21У 100 Вт IP54,1
Корпус щита пластиковий зовнішній IP65 ETI ECH 4G 1101060 прозора вертикальна дверка,1
Реле проміжне 12V AC 3А E.Next e.control.p342 i.my4.12ac,0
Патрон люстровий з гайкою E.Next Е14 s9100006 білий,1
Кріплення для труб APRO 25мм / уп.50 шт,-1
Ящик розподільний для 3-фазних лічильників електроенергії NIK DOT.3 IP54,1
Лампа галогенова лінійна R7s Feron 150W/ 78 02003,0
Реле проміжне 12V DC 10А E.Next e.control.p1041 i.ly4.12dc,0
Трійник із заземлюючим контактом прямокутний Lezard 715-0800-608,1
"Вимикач автоматичний 1-полюсний Easy 9 Schneider 4,5kA EZ9F34116 C 16А",1
"Диференційний автомат 2-полюсний Easy 9 Schneider 4,5kA AC EZ9D34620 C 20/0,03А",1
Багатофункціональне реле ZUBR MF 63,1
Патрон до галогенових ламп G4,1
Лампа галогенова лінійна R7s Feron 150W/ 78 02003,0
Лампа компактна Osram G23 11W/840 DULUX S,0
Вилка із заземлюючим контактом кутова 16A 12310203 Makel 10027,1
Вилка силова 2К+З Legrand 32А 55802,1
Світлодіодна лампа Electrum PL 9W LW-14 G24d2 4000К (A-LW-0476),0
Блок PE-клем Hager KN26E,-1
Тримач клем QuickConnect Hager VZ707N до щитів Golf VF/VS 12 модулів,-1
Лампа для холодильника РП Іскра Е14 230B 15W S25 прозора,0
Перемикач I-0-II 230V 2-полюсний Hager SFT240 40А вихід зверху,-1
Перемикач I-0-II 230V 2-полюсний Hager SFT240 40А вихід зверху,-1
Вилка кабельна 400V IP44 Sez 5 полюсів 32А IVN3253,0
Тримач ламп Stucchi 2G7 451,1
Лампа компактна Osram G23 9W/840 DULUX S,0
Патрон підвісний керамічний E.Next Е27 s9100014,1
Лампа комактна люмінісцентна 2G7 11W/840 DULUX S/Е Osram 4050300020181,1
Вимикач автоматичний 2-полюсний Hager 6kA MC232A C 32A,-1
"Перемикач з ключем E.Next e.mb.bg45.lrr на 2 фіксованих положення ""1-0"", 1NO+1NC (ключ виймається ліворуч і праворуч)",1
Контакт замикаючий фронтальний 1NO Eaton M22-K10 216376,1
"OLFLEX HEAT 180 SiF провід силіконовий термостійкий 1,0",-1
"Арматура світлосигнальна з індикатором напруги та струму e.ad22.va Ø22мм, 50-500В, 0-100 А E.Next",0
"Самовулканізуюча ізолента 0,8мм*25мм*5м E.Next e.tape.sf.5 p054001",1
"Трансформатор на DIN-рейку, 230В/24 В (1,04А), 230В/12 В (2,08А) Hager ST312",0
Лампа комактна люмінісцентна 2G7 11W/840 DULUX S/Е Osram 4050300020181,1
Вилка силова 2К+З Lezard 32А 715-1302-621,1
Вставка 1-а Lezard Mira 801-0115-701 сіра,1
Перемикач 3-полюсний 1-0-2 УЕК ALCLR-22 1з+1в BSW10-ALCLR-3-K02-U,1
"Диференційне реле 2-полюсне УЕК тип AC 4,5kA ВД 1-63 25/0,03А MDV10-2-025-030",-1
"Пост кнопковий ""Стоп"" (кнопка-грибок) E.Next e.cs.stand.xal.d.164 s006015",1
Патрон до галогенових ламп G4,1
Затискач анкерний натяжний 2*(16-25) вітчизняний ЗА 1.1,-1
Патрон пластиковий підвісний E.Next e.lamp socket pendant.E27.pl.white Е27 з кабелем 15см та клемною колодкою білий,-1
Реле напруги 1P+N DIN 230V Schneider R9A12663 63A,0
"Наклейка 40*20мм УЕК ""220В"" YPC10-0220V-1-100",0
Перемикач 3-полюсний 1-0-2 УЕК ALCLR-22 1з+1в BSW10-ALCLR-3-K02-U,1
Лампа компактна Osram G23 11W/840 DULUX S,0
Лампа рефлекторна Іскра Е14 R39 30W,0
Лампа компактна Osram G23 11W/840 DULUX S,0
"Реле часу DIN багатофункціональне ETI 0,1с-10 днів CRM-91H UNI 1 модульне 2470001 AC/DC 12-240",0
Лампа компактна Osram G23 11W/840 DULUX S,0
"РЖ кабель зовнішній з пропиткою F660BVF FinMark RG-6 1,0 (екран 64*0,16 мм)",-1
"Клема з’єднувальна з пастою Wago 2273-242 2*0,5-2,5 кв.мм прозора/біла (для монолітних проводів)",1
Перехідник E.Next e.lamp adapter.GU10/Е27.white з патрону GU10 на Е27 пластиковий s9100042,-1
Вимикач ножний E.Next e.fs.01 пластиковий p0810151,1
Лампа компактна Osram G23 9W/840 DULUX S,0
"Колодязь кабельний пластиковий E.Next e.manhole.300.300.300.cover, 300х300х300мм, з кришкою  CP303030",1
"Запобіжник mini 250V ETI CH 5*20 F 2,5А 6710021",0
Лампа галогенова 220V Feron G9 35W JCD 2188,0
Лампа люмінесцентна Philips G13 30W/54 TLD Standart (залишок 1 шт),0
Розетка із заземлюючим контактом з кришкою ETI IP54 RHE-1s-KR 4668050 коричнева,1
Колодка клемна для голих ліній передач Білмакс КП 95К 1-п з кришкою 1*95/4*16,1
"Арматура світлосигнальна з індикатором напруги та струму e.ad22.va Ø22мм, 50-500В, 0-100 А E.Next",0
"Пластикова рамка E.Next  e.f.es.rxj.01, для намотування кабелю s042201",1
Лампа метало-галогенова E.Next e.lamp.mhl.rх7s.70 патрон rх7s 70Вт l0150003,-1
Лампа для холодильника РП Іскра Е14 230B 15W S25 прозора,0
П-274М провід,-1
Реле контролю напруги однофазне E.Next e.control.v02  p0690007,1
Вилка із заземлюючим контактом з вимикачем та підсвіткою Legrand 16А 50409 біла,1
Вилка із заземлюючим контактом з вимикачем та підсвіткою Legrand 16А 50409 біла,1
"Шина ""N"" DIN в корпусі E.Next p0650006 4*15 груп e.cbs.pro.4.15",1
"Диференційний автомат 2-полюсний Easy 9 Schneider 4,5kA AC EZ9D34616 C 16/0,03А",1
Шина DIN перфорована E.Next s023001 L-100см e.din.stand.rail.101,1
Шина нульова E.Next e.cbs.pro.2.15 в корпусі на DIN-рейку  p0650003,1
"Шина ""N"" DIN в корпусі E.Next p0650001 2* 7 груп e.cbs.pro.2.7",1
Стартер Іскра 80С-220,0
"Патрон керамічний Е27 без кріплення, мідний контакт (Без маркування) E.Next s9100117p",1
Патрон підвісний керамічний E.Next Е27 s9100014,1
"Патрон керамічний Е27 без кріплення, мідний контакт E.Next s9100117",1
"Патрон бакелітовий E.Next e.lamp socket wall sidE.Next e.E27.bk.black, настінний Е27, чорний s9100019",-1
Патрон пластиковий підвісний E.Next Е27 s9100009 чорний,1
Корпус вбудований пластикові дверки Cosmos IP40 Hager VR212PD 2*12 модулів ніша 290*333*72mm,1
"Інструмент для обтиску ізольованих наконечників 1,5-6,0 кв.мм E.Next e.tool.crimp.hs.30.j.0,5.6 t002002",1
"Силовий автоматичний вимикач E.Next i0010004 e.industrial.ukm.60S.63, 3р, 63А",1
"Сигнальний кабель 6х0.22 біметал, неекранований Alarm Cable",-1
"Патрон керамічний G5,3 довжина проводу 12 см E.Next s9100012",1
Таймер DIN добовий Hager інтервал 15 хвилин 16А 3 модульне EH110 (1 перемикаючий контакт) без резерву ходу,1
"Диференційний автоматичний вимикач 2-полюси Hager AD866J C AC-16/0,03А",1
"Вимикач автоматичний 3-полюсний Easy 9 Schneider 4,5kA EZ9F34325 C 25А",1
"Вимикач автоматичний 1-полюсний E.Next 4,5кА s002004 4A e.mcb.stand.45.1.C4",1
Світильник вбудований круглий LED D120(107) 470lm Lezard 442RRP-06 6W/4200K,0
"Патрон бакелітовий E.Next e.lamp socket wall sidE.Next e.E27.bk.black, настінний Е27, чорний s9100019",-1
